0,0,1,0,0,0,0,0,0,0,0,1,0,0,0,0,0,1,0,0
0,0,2,0,4,0,0,0,0,2,0,2,1,0,0,0,0,2,0,0
0,0,0,0,0,0,0,0,0,0,0,0,0,1,0,0,0,0,0,0
0,0,0,0,1,0,0,2,0,0,0,0,2,0,0,0,3,0,0,0
0,0,0,0,0,0,0,0,0,0,0,2,0,0,0,0,0,0,0,0
0,0,2,0,0,0,0,0,0,0,0,0,0,0,0,2,0,2,0,0
0,0,0,0,0,0,0,0,0,0,0,1,0,0,0,0,0,0,1,0
0,0,0,0,0,0,0,1,0,0,0,2,0,0,0,0,0,0,0,0
0,1,0,2,0,0,2,0,0,0,0,3,0,0,0,0,2,0,0,0
0,0,0,0,1,0,0,0,3,0,2,3,0,0,0,0,0,0,0,0
0,0,0,0,0,0,0,0,0,0,0,0,0,0,0,0,0,0,0,0
0,0,0,0,0,0,0,0,0,0,0,0,0,0,0,0,0,0,0,0
2,15
vache=7,14,7,17,10,17,10,14
solution=-1,0,0,1,1,0,0,-1,0,1,-1,0,0,-1,-1,0,0,1,1,0,-1,0,1,0,0,1,-1,0,0,-1,0,1,1,0,0,1,1,0,-1,0
