1,1,1,0,3,3,3,3,1,1,1,1,1,1,1,2,2,2,2,2
1,0,1,0,1,2,0,0,1,0,2,0,1,0,1,2,2,2,2,2
1,3,1,2,1,2,0,0,1,3,0,0,0,3,1,1,2,1,3,3
1,0,1,0,1,2,0,0,1,0,2,1,0,3,0,3,0,0,0,3
1,0,1,3,1,2,2,0,1,0,0,2,0,0,1,1,1,0,0,0
1,0,0,0,1,1,1,0,1,0,1,0,1,0,1,2,4,0,0,0
1,1,1,0,0,0,1,0,1,0,1,1,1,1,1,1,1,0,0,1
0,2,1,3,1,0,1,0,2,0,1,2,2,2,2,1,0,0,1,0
2,0,1,0,1,0,1,1,1,1,1,2,2,2,2,1,0,3,0,0
0,0,0,0,1,0,2,2,2,2,2,3,2,2,2,1,0,0,3,0
2,1,1,1,1,1,1,1,1,1,1,1,1,1,1,1,0,0,0,3
0,2,0,2,0,2,0,2,0,2,0,2,0,2,0,2,0,2,0,0
1,1
vache=5,15,5,17,6,17,5,17
chat=1,6,3,6,3,7,1,7
chat=9,3,9,0,11,0,11,16,11,0,9,0
sol_temp=1,0,6,0,1,0,-1,0,0,0,1,0,1,0,0,-1,0,58,0,-1,0,1,0,0,0,1,0,1,0,89,0,1,0,-1,0,0,0,1,0,1,0,0,0,1,0,0,-1,0,1,0,0,0,1,0,-1,0,0,0,1,0,1,0,0,0,-1,177,0,0,193,0,1,293,-1,0,0,0,-1,0,-1,0,0,0,-1,0,-1,0,0,0,-1,0,1,0,0,0,1,0,-1,0,0,0,-1,0,0,1,0,1,0,0,0,-1,0,1,0,0,0,-1,0,1,0,380,0,1,0,-1,0,0,1,0,0,0,-1,0,1,0,460,0,-1,512,-1,0,0,0,1,0,0,1,0,1,0,558,0,1,0,-1,0,0,1,0,0,0,1,0,1,0,0,0,1,0,-1,0,0,0,-1,0,1,0,0,0,1,0
h_fleur=5,15,100
h_param=2
