0,0,0,0,0,0,0,0,0,0,0,0,0,0,0,0,0,0,0,0
0,0,0,0,0,0,0,0,0,0,0,0,0,0,0,0,0,0,0,0
0,0,0,0,0,0,0,0,3,1,1,1,1,1,1,1,1,1,0,0
0,0,0,0,0,0,0,0,3,0,0,0,0,0,0,0,0,1,0,0
0,0,0,0,1,0,0,0,3,0,1,1,0,1,1,0,0,1,0,0
0,0,0,1,0,1,0,1,0,1,2,2,1,4,2,1,0,0,0,0
0,0,0,0,0,1,0,1,0,1,2,2,0,2,2,1,0,0,0,0
0,0,0,0,0,0,1,0,0,0,1,2,2,2,1,0,0,0,0,0
0,0,0,0,0,0,1,0,0,0,0,1,2,1,0,0,0,0,0,0
0,0,0,0,0,0,0,0,0,0,0,0,1,0,0,0,0,0,0,0
0,0,0,0,0,0,0,0,0,0,0,0,0,0,0,0,0,0,0,0
0,0,0,0,0,0,0,0,0,0,0,0,0,0,0,0,0,0,0,0
6,12
sol_temp=1,0,10,-1,0,0,0,1,0,-1,0,0,0,-1,0,1,0,0,0,-1,0,-1,0,0,0,-1,0,1,0,0,0,-1,0,0,0,0,0,-1,78,-1,0,0
