0,0,0,0,0,3,0,0,0,0,0,0,0,0,0,0,0,0,2,0
0,2,0,0,0,0,3,0,0,4,0,0,2,0,0,0,0,0,2,0
0,0,0,0,0,0,0,0,0,0,0,0,0,0,0,0,0,0,0,0
0,0,2,0,0,1,1,2,4,4,4,2,1,1,0,0,2,0,0,0
0,0,0,0,0,1,0,1,0,0,0,1,0,1,0,0,0,0,0,0
0,0,0,0,0,1,2,0,1,0,1,0,2,1,0,0,0,0,0,0
0,0,0,0,0,1,0,0,0,3,0,0,0,1,0,0,0,0,0,0
0,0,0,0,0,1,2,0,2,0,2,0,2,1,0,0,0,0,0,0
0,0,0,0,0,1,0,0,0,0,0,0,0,1,0,0,0,0,0,0
0,0,0,0,0,0,0,2,0,0,0,2,0,0,0,0,0,0,0,0
0,0,0,0,0,0,0,0,0,0,0,0,0,0,0,0,0,0,0,0
0,0,0,0,0,0,0,0,0,3,0,0,0,0,0,0,0,0,0,0
1,0
chat=0,9,5,9
vache=10,5,10,13