0,0,0,0,1,0,1,0,0,0,0,0,0,0,0,1,0,0,0,0
0,0,0,0,1,0,3,0,0,0,0,0,0,1,0,1,0,0,0,0
0,0,0,0,1,0,2,0,0,0,1,0,0,0,0,1,0,0,0,0
0,0,0,0,1,0,0,0,0,0,0,0,0,0,0,1,0,0,0,0
0,0,0,0,1,0,0,0,0,0,2,0,0,0,0,1,0,0,0,0
0,0,0,0,1,0,0,0,0,0,0,2,0,2,0,1,0,0,0,0
0,0,0,0,1,1,0,2,0,2,2,0,0,0,1,1,0,0,0,0
0,0,0,0,1,0,0,0,1,1,3,0,0,0,0,1,0,0,0,0
0,0,0,0,1,0,3,0,0,3,0,0,0,0,0,1,0,0,0,0
0,0,0,0,1,0,1,0,0,0,2,2,0,0,1,1,0,0,0,0
0,0,0,0,1,0,0,3,0,2,0,0,0,1,0,1,0,0,0,0
0,0,0,0,1,0,0,1,0,1,0,2,0,0,0,1,0,0,0,0
7,11
chat=5,5,5,14
chat=4,7,4,12
chat=3,13,3,6
