0,0,0,0,0,0,0,0,0,0,0,0,0,0,0,0,0,0,0,0
0,0,0,0,0,0,0,0,0,0,0,0,0,0,0,0,0,0,0,0
0,0,0,0,1,0,0,0,0,0,0,0,0,0,0,1,0,0,0,0
0,0,0,0,0,1,1,1,1,1,1,1,1,1,1,0,0,0,0,0
0,0,0,0,0,1,1,0,0,0,4,0,0,0,1,0,0,0,0,0
0,0,0,0,0,1,1,2,0,0,0,2,0,4,1,0,0,0,0,0
0,0,0,0,0,1,2,3,0,0,0,0,0,0,1,0,0,0,0,0
0,0,0,0,0,1,2,1,0,0,1,0,0,2,1,0,0,0,0,0
0,0,0,0,0,1,1,1,1,1,1,1,1,1,1,0,0,0,0,0
0,0,0,0,1,0,0,0,0,0,0,0,0,0,0,1,0,0,0,0
0,0,0,0,0,0,0,0,0,0,0,0,0,0,0,0,0,0,0,0
0,0,0,0,0,0,0,0,0,0,0,0,0,0,0,0,0,0,0,0
6,10
vache=4,8,4,9,7,9,7,8
chat=0,0,0,19,11,19,11,0
solution=0,1,0,-1,0,1,1,0,0,1