0,2,0,0,0,0,0,0,0,0,0,0,0,1,0,0,0,0,0,0
0,0,0,0,0,0,0,0,0,0,0,0,0,0,0,0,3,0,0,0
1,1,0,0,0,0,0,0,0,0,0,0,0,0,0,0,0,0,0,0
0,0,0,0,0,0,0,0,0,0,0,0,0,0,0,0,0,0,0,0
0,0,1,0,0,0,2,0,0,0,0,0,0,0,0,0,0,0,0,0
1,0,0,0,0,0,0,0,0,0,0,0,0,0,0,0,0,0,0,0
2,1,0,0,0,0,0,0,0,0,0,1,0,0,0,0,0,0,0,0
0,0,0,0,0,0,0,0,0,0,0,2,0,0,1,2,0,0,0,0
0,0,0,0,0,0,0,0,0,0,0,0,1,0,0,0,0,0,0,0
0,0,0,0,0,0,0,0,0,0,0,0,0,0,0,0,0,0,0,0
0,0,0,0,0,0,0,0,0,0,0,0,0,0,0,0,0,0,0,0
0,0,0,0,0,0,0,0,0,0,0,0,0,0,0,0,0,0,0,0
4,0
vache=5,15,5,18,7,18,7,16,6,16,6,15
sol_temp=0,1,17,1,0,0,0,1,0,-1,0,0,0,-1,0,1,0,0,0,-1,0,1,0,0,0,-1,0,-1,0,0,1,0,0,0,1,0,-1,0,0,0,-1,0,1,0,0,0,-1,0,1,0,0,0,1,0,-1,0,0,0,1,0,1,0,200,0,-1,0,-1,0,0,0,-1,0,1,0,0,0,1,0,1,0,0
