0,0,0,0,0,0,0,0,0,0,0,0,0,0,0,0,0,0,0,0
0,0,0,0,0,0,0,0,0,0,0,0,0,0,0,0,0,0,0,0
0,0,0,0,1,0,0,0,0,0,0,0,0,0,0,1,0,0,0,0
0,0,0,0,0,1,1,1,1,1,1,1,1,1,1,0,0,0,0,0
0,0,0,0,0,1,1,0,0,0,0,0,0,0,1,0,0,0,0,0
0,0,0,0,0,1,1,2,0,0,0,2,0,0,1,0,0,0,0,0
0,0,0,0,0,1,2,3,0,0,0,0,0,0,1,0,0,0,0,0
0,0,0,0,0,1,2,1,0,0,1,0,0,2,1,0,0,0,0,0
0,0,0,0,0,1,1,1,1,1,1,1,1,1,1,0,0,0,0,0
0,0,0,0,1,0,0,0,0,0,0,0,0,0,0,1,0,0,0,0
0,0,0,0,0,0,0,0,0,0,0,0,0,0,0,0,0,0,0,0
0,0,0,0,0,0,0,0,0,0,0,0,0,0,0,0,0,0,0,0
6,10
vache=1,1,1,4,3,4,3,1
vache=11,16,11,19,11,13,11,16,5,16,5,19,11,19
chat=2,2,5,2,5,8
solution=0,1,0,-1,0,1,1,0,0,1