1,1,1,1,1,1,1,1,1,1,1,1,1,1,1,1,1,1,1,1
1,1,2,2,2,4,0,3,1,0,1,3,2,0,2,2,0,2,0,1
1,0,1,2,2,2,0,0,0,0,0,0,0,2,0,0,2,0,2,1
1,2,0,2,1,1,1,1,1,1,1,1,1,1,0,2,0,2,0,1
1,2,2,2,1,0,0,0,2,0,2,0,3,1,1,2,0,0,0,1
1,2,0,1,1,1,1,1,1,1,3,1,1,1,0,2,2,1,1,1
1,0,1,3,1,0,2,2,2,0,2,0,0,0,0,2,1,2,1,1
1,0,1,0,2,2,0,2,4,1,2,0,2,2,0,2,0,0,0,1
1,0,1,3,0,1,2,2,2,2,2,2,0,1,0,2,0,1,0,1
1,2,0,1,1,1,2,1,1,1,2,0,2,1,2,1,1,1,2,1
1,2,2,0,0,0,2,2,2,0,1,2,0,1,0,2,0,1,0,1
1,1,1,1,1,1,1,1,1,1,1,1,1,1,1,1,1,1,1,1
1,9
sol_temp=1,0,3,0,-1,0,1,0,0,-1,0,0,0,-1,0,0,1,0,1,0,0,0,1,0,-1,0,0,0,-1,0,0,1,0,1,0,0,0,-1,0,1,0,0,0,-1,0,1,0,0,0,1,0,0,-1,0,-1,0,0,0,1,0,0,0,0,0,1,158,-1,0,0,1,0,0,0,1,0,1,0,188,-1,0,0,0,-1,0,1,0,0,0,1,0,1,0,0,0,-1,0,-1,0,0,0,-1,0,1,0,0,0,-1,0,-1,0,0,-1,0,0,1,0,0,0,1,0,0,1,275,-1,0,287,0,1,295,1,0,0,0,1,311,0,-1,0,1,0,0,-1,0,0,0,1,0,-1,0,0,1,0,0,0,1,0,-1,0,0,0,-1,0,-1,0,0,0,1,0,0,-1,0,0,0,0,0,-1,437,-1,0,0,1,0,0,0,1,0
h_param=2
