1,1,1,1,1,1,1,1,1,1,1,1,1,1,1,1,1,1,1,1
1,2,1,0,0,0,0,0,0,0,0,0,0,0,0,0,0,1,2,1
1,0,1,0,0,0,0,0,0,0,0,0,0,0,0,0,0,1,0,1
1,0,0,0,2,0,0,0,0,0,0,0,0,0,0,2,0,0,0,1
1,0,0,0,0,0,0,0,0,0,0,0,0,0,0,0,0,0,0,1
1,0,0,0,0,0,0,0,0,0,0,0,0,0,0,0,0,0,0,1
1,1,2,0,0,0,0,0,0,0,0,0,0,0,0,0,0,2,1,1
1,0,0,0,0,0,0,2,1,1,1,1,2,0,0,0,0,0,0,1
1,0,0,0,0,0,0,0,2,2,2,2,0,0,0,0,0,0,0,1
1,0,0,0,0,0,0,0,0,0,0,0,0,0,0,0,0,0,0,1
1,1,0,0,1,0,0,0,1,2,0,0,0,0,0,0,0,0,1,1
1,1,1,1,1,1,1,1,1,1,1,1,1,1,1,1,1,1,1,1
6,10
vache=2,4,2,7,3,11,2,15,2,12,3,8
