0,0,0,0,0,0,2,0,0,1,1,0,0,0,0,0,0,0,0,2
0,0,11,0,2,0,0,0,0,1,1,0,0,2,0,0,0,10,0,2
0,0,2,0,0,0,0,0,0,1,1,0,0,0,4,0,0,0,0,0
0,0,0,0,0,0,0,0,0,1,1,0,0,2,0,0,0,0,0,0
0,0,0,0,0,1,0,0,0,1,1,0,0,0,0,0,0,0,0,1
1,1,1,1,1,1,1,1,1,1,1,1,1,1,1,1,1,1,1,1
1,1,1,1,1,1,1,1,1,1,1,1,1,1,1,1,1,1,1,1
0,0,0,0,0,0,0,0,0,1,1,0,0,0,0,0,2,0,0,0
0,0,0,0,0,10,0,0,0,1,1,0,0,1,0,0,0,0,0,1
0,0,0,0,3,0,0,0,2,1,1,0,1,2,0,0,0,0,0,0
0,0,0,0,0,2,0,0,0,1,1,0,1,11,0,0,0,0,0,2
0,0,0,0,0,4,0,1,0,1,1,2,0,0,0,0,0,0,0,0
9,1
vache=0,11,0,12,3,12,3,11
